27
1          0.0000000 0.0253367 0.0411713 0.0378742 0.0401955 0.0451801 0.0247136 0.0532220 0.0308587 0.0164053 0.0442567 0.0385072 0.0360180 0.0468522 0.0415948 0.0449374 0.0417202 0.0443153 0.0363899 0.0483502 0.0384392 0.0126995 0.0290215 0.0064093 0.0356883 0.0262609 0.0388586 
2          0.0253367 0.0000000 0.0242847 0.0245349 0.0216168 0.0283686 0.0495639 0.0405406 0.0125034 0.0411909 0.0621803 0.0247445 0.0179645 0.0278997 0.0453698 0.0628640 0.0271423 0.0637563 0.0201654 0.0636308 0.0194670 0.0373304 0.0096177 0.0327645 0.0552863 0.0116169 0.0242729 
3          0.0411713 0.0242847 0.0000000 0.0376254 0.0261108 0.0328639 0.0542183 0.0440147 0.0139973 0.0505156 0.0718673 0.0368171 0.0233785 0.0269856 0.0627340 0.0726373 0.0297858 0.0742888 0.0191826 0.0727441 0.0225581 0.0541538 0.0239147 0.0437738 0.0654075 0.0227044 0.0416974 
4          0.0378742 0.0245349 0.0376254 0.0000000 0.0268321 0.0326965 0.0604644 0.0307004 0.0215009 0.0516003 0.0639245 0.0280470 0.0244919 0.0255640 0.0456188 0.0667253 0.0278997 0.0664295 0.0194660 0.0715773 0.0201614 0.0487410 0.0222567 0.0459175 0.0637318 0.0207522 0.0220461 
5          0.0401955 0.0216168 0.0261108 0.0268321 0.0000000 0.0277644 0.0638679 0.0364109 0.0151776 0.0547450 0.0717803 0.0293145 0.0191791 0.0261578 0.0556239 0.0693280 0.0233170 0.0694905 0.0180583 0.0726563 0.0145345 0.0478700 0.0208402 0.0479189 0.0702746 0.0192533 0.0272543 
6          0.0451801 0.0283686 0.0328639 0.0326965 0.0277644 0.0000000 0.0570302 0.0268499 0.0229691 0.0528145 0.0730322 0.0328984 0.0270132 0.0297626 0.0511396 0.0730322 0.0286158 0.0704329 0.0186144 0.0761072 0.0241202 0.0474065 0.0256435 0.0491212 0.0667105 0.0219701 0.0294226 
7          0.0247136 0.0495639 0.0542183 0.0604644 0.0638679 0.0570302 0.0000000 0.0649639 0.0524586 0.0260041 0.0398604 0.0543378 0.0575929 0.0682936 0.0607127 0.0414999 0.0547211 0.0423887 0.0521302 0.0414999 0.0564707 0.0292272 0.0481816 0.0288894 0.0168411 0.0483209 0.0539540 
8          0.0532220 0.0405406 0.0440147 0.0307004 0.0364109 0.0268499 0.0649639 0.0000000 0.0267680 0.0560799 0.0777715 0.0331666 0.0301102 0.0304254 0.0612154 0.0770814 0.0288424 0.0816786 0.0238972 0.0808717 0.0243244 0.0561463 0.0369234 0.0519027 0.0696625 0.0369669 0.0316995 
9          0.0308587 0.0125034 0.0139973 0.0215009 0.0151776 0.0229691 0.0524586 0.0267680 0.0000000 0.0467465 0.0634753 0.0220598 0.0034681 0.0102016 0.0482269 0.0634284 0.0170242 0.0659357 0.0111667 0.0658382 0.0126548 0.0411753 0.0160434 0.0348088 0.0605538 0.0096464 0.0244565 
10         0.0164053 0.0411909 0.0505156 0.0516003 0.0547450 0.0528145 0.0260041 0.0560799 0.0467465 0.0000000 0.0459492 0.0496870 0.0518371 0.0577208 0.0527218 0.0466168 0.0518230 0.0453701 0.0429675 0.0513410 0.0496562 0.0148630 0.0410470 0.0180105 0.0374493 0.0380106 0.0453114 
11         0.0442567 0.0621803 0.0718673 0.0639245 0.0717803 0.0730322 0.0398604 0.0777715 0.0634753 0.0459492 0.0000000 0.0767828 0.0737737 0.0783451 0.0578558 0.0091662 0.0679197 0.0130722 0.0534503 0.0135261 0.0667601 0.0438081 0.0541902 0.0437781 0.0451599 0.0589094 0.0498381 
12         0.0385072 0.0247445 0.0368171 0.0280470 0.0293145 0.0328984 0.0543378 0.0331666 0.0220598 0.0496870 0.0767828 0.0000000 0.0293632 0.0296064 0.0470479 0.0754166 0.0289562 0.0688743 0.0222801 0.0782553 0.0246426 0.0464184 0.0224274 0.0437922 0.0613897 0.0210328 0.0217257 
13         0.0360180 0.0179645 0.0233785 0.0244919 0.0191791 0.0270132 0.0575929 0.0301102 0.0034681 0.0518371 0.0737737 0.0293632 0.0000000 0.0176423 0.0568872 0.0719107 0.0189028 0.0757089 0.0167654 0.0747399 0.0126738 0.0447458 0.0241956 0.0372917 0.0686345 0.0122145 0.0334131 
14         0.0468522 0.0278997 0.0269856 0.0255640 0.0261578 0.0297626 0.0682936 0.0304254 0.0102016 0.0577208 0.0783451 0.0296064 0.0176423 0.0000000 0.0657464 0.0767009 0.0203032 0.0810371 0.0189047 0.0784042 0.0191703 0.0516133 0.0267674 0.0500981 0.0736499 0.0196090 0.0343711 
15         0.0415948 0.0453698 0.0627340 0.0456188 0.0556239 0.0511396 0.0607127 0.0612154 0.0482269 0.0527218 0.0578558 0.0470479 0.0568872 0.0657464 0.0000000 0.0597155 0.0478962 0.0605379 0.0414048 0.0621568 0.0500308 0.0514025 0.0420703 0.0445438 0.0645836 0.0465265 0.0333324 
16         0.0449374 0.0628640 0.0726373 0.0667253 0.0693280 0.0730322 0.0414999 0.0770814 0.0634284 0.0466168 0.0091662 0.0754166 0.0719107 0.0767009 0.0597155 0.0000000 0.0663767 0.0163851 0.0534111 0.0118836 0.0643886 0.0445929 0.0541902 0.0451882 0.0458158 0.0589094 0.0498664 
17         0.0417202 0.0271423 0.0297858 0.0278997 0.0233170 0.0286158 0.0547211 0.0288424 0.0170242 0.0518230 0.0679197 0.0289562 0.0189028 0.0203032 0.0478962 0.0663767 0.0000000 0.0661981 0.0143772 0.0709189 0.0182518 0.0436242 0.0246050 0.0441645 0.0617251 0.0177371 0.0217508 
18         0.0443153 0.0637563 0.0742888 0.0664295 0.0694905 0.0704329 0.0423887 0.0816786 0.0659357 0.0453701 0.0130722 0.0688743 0.0757089 0.0810371 0.0605379 0.0163851 0.0661981 0.0000000 0.0573387 0.0197163 0.0652585 0.0439043 0.0557488 0.0431330 0.0491352 0.0575564 0.0500375 
19         0.0363899 0.0201654 0.0191826 0.0194660 0.0180583 0.0186144 0.0521302 0.0238972 0.0111667 0.0429675 0.0534503 0.0222801 0.0167654 0.0189047 0.0414048 0.0534111 0.0143772 0.0573387 0.0000000 0.0580177 0.0071769 0.0418435 0.0185768 0.0387642 0.0567901 0.0121954 0.0171558 
20         0.0483502 0.0636308 0.0727441 0.0715773 0.0726563 0.0761072 0.0414999 0.0808717 0.0658382 0.0513410 0.0135261 0.0782553 0.0747399 0.0784042 0.0621568 0.0118836 0.0709189 0.0197163 0.0580177 0.0000000 0.0668097 0.0484039 0.0586072 0.0501786 0.0504231 0.0597330 0.0528027 
21         0.0384392 0.0194670 0.0225581 0.0201614 0.0145345 0.0241202 0.0564707 0.0243244 0.0126548 0.0496562 0.0667601 0.0246426 0.0126738 0.0191703 0.0500308 0.0643886 0.0182518 0.0652585 0.0071769 0.0668097 0.0000000 0.0451328 0.0202709 0.0417211 0.0624548 0.0170177 0.0230621 
22         0.0126995 0.0373304 0.0541538 0.0487410 0.0478700 0.0474065 0.0292272 0.0561463 0.0411753 0.0148630 0.0438081 0.0464184 0.0447458 0.0516133 0.0514025 0.0445929 0.0436242 0.0439043 0.0418435 0.0484039 0.0451328 0.0000000 0.0368506 0.0157427 0.0362879 0.0332014 0.0423367 
23         0.0290215 0.0096177 0.0239147 0.0222567 0.0208402 0.0256435 0.0481816 0.0369234 0.0160434 0.0410470 0.0541902 0.0224274 0.0241956 0.0267674 0.0420703 0.0541902 0.0246050 0.0557488 0.0185768 0.0586072 0.0202709 0.0368506 0.0000000 0.0321060 0.0520440 0.0130006 0.0238494 
24         0.0064093 0.0327645 0.0437738 0.0459175 0.0479189 0.0491212 0.0288894 0.0519027 0.0348088 0.0180105 0.0437781 0.0437922 0.0372917 0.0500981 0.0445438 0.0451882 0.0441645 0.0431330 0.0387642 0.0501786 0.0417211 0.0157427 0.0321060 0.0000000 0.0380631 0.0317988 0.0423996 
25         0.0356883 0.0552863 0.0654075 0.0637318 0.0702746 0.0667105 0.0168411 0.0696625 0.0605538 0.0374493 0.0451599 0.0613897 0.0686345 0.0736499 0.0645836 0.0458158 0.0617251 0.0491352 0.0567901 0.0504231 0.0624548 0.0362879 0.0520440 0.0380631 0.0000000 0.0567002 0.0591693 
26         0.0262609 0.0116169 0.0227044 0.0207522 0.0192533 0.0219701 0.0483209 0.0369669 0.0096464 0.0380106 0.0589094 0.0210328 0.0122145 0.0196090 0.0465265 0.0589094 0.0177371 0.0575564 0.0121954 0.0597330 0.0170177 0.0332014 0.0130006 0.0317988 0.0567002 0.0000000 0.0242964 
27         0.0388586 0.0242729 0.0416974 0.0220461 0.0272543 0.0294226 0.0539540 0.0316995 0.0244565 0.0453114 0.0498381 0.0217257 0.0334131 0.0343711 0.0333324 0.0498664 0.0217508 0.0500375 0.0171558 0.0528027 0.0230621 0.0423367 0.0238494 0.0423996 0.0591693 0.0242964 0.0000000 
